6.415000152587890625e+01 6.512000274658203125e+01 6.569999694824218750e+01
7.220999908447265625e+01 7.498000335693359375e+01 7.575000000000000000e+01
7.866999816894531250e+01 8.030000305175781250e+01 8.077999877929687500e+01
8.051999664306640625e+01 8.200000000000000000e+01 8.218000030517578125e+01
8.251999664306640625e+01 8.376999664306640625e+01 8.347000122070312500e+01
8.351999664306640625e+01 8.462999725341796875e+01 8.490000152587890625e+01
8.373999786376953125e+01 8.425000000000000000e+01 8.422000122070312500e+01
8.437000274658203125e+01 8.494000244140625000e+01 8.523999786376953125e+01
8.487000274658203125e+01 8.548999786376953125e+01 8.554000091552734375e+01
8.523999786376953125e+01 8.588999938964843750e+01 8.573000335693359375e+01
8.451999664306640625e+01 8.537000274658203125e+01 8.531999969482421875e+01
8.615000152587890625e+01 8.680999755859375000e+01 8.676999664306640625e+01
8.620999908447265625e+01 8.684999847412109375e+01 8.694000244140625000e+01
8.608999633789062500e+01 8.690000152587890625e+01 8.694000244140625000e+01
8.651999664306640625e+01 8.730000305175781250e+01 8.723000335693359375e+01
8.720999908447265625e+01 8.783999633789062500e+01 8.766000366210937500e+01
8.637000274658203125e+01 8.718000030517578125e+01 8.716999816894531250e+01
8.736000061035156250e+01 8.826000213623046875e+01 8.823999786376953125e+01
8.733999633789062500e+01 8.804000091552734375e+01 8.806999969482421875e+01
8.713999938964843750e+01 8.773999786376953125e+01 8.777999877929687500e+01
8.770999908447265625e+01 8.816000366210937500e+01 8.826999664306640625e+01
8.702999877929687500e+01 8.754000091552734375e+01 8.763999938964843750e+01
8.779000091552734375e+01 8.829000091552734375e+01 8.830999755859375000e+01
8.811000061035156250e+01 8.858000183105468750e+01 8.866000366210937500e+01
8.773999786376953125e+01 8.854000091552734375e+01 8.851000213623046875e+01
8.783000183105468750e+01 8.844000244140625000e+01 8.845999908447265625e+01
8.751000213623046875e+01 8.826999664306640625e+01 8.850000000000000000e+01
8.751999664306640625e+01 8.863999938964843750e+01 8.837999725341796875e+01
8.818000030517578125e+01 8.875000000000000000e+01 8.869000244140625000e+01
8.851000213623046875e+01 8.886000061035156250e+01 8.893000030517578125e+01
8.859999847412109375e+01 8.901999664306640625e+01 8.891999816894531250e+01
8.843000030517578125e+01 8.926999664306640625e+01 8.908999633789062500e+01
8.826000213623046875e+01 8.930999755859375000e+01 8.913999938964843750e+01
8.818000030517578125e+01 8.916000366210937500e+01 8.904000091552734375e+01
8.795999908447265625e+01 8.880999755859375000e+01 8.870999908447265625e+01
8.811000061035156250e+01 8.897000122070312500e+01 8.894999694824218750e+01
8.823000335693359375e+01 8.897000122070312500e+01 8.897000122070312500e+01
8.843000030517578125e+01 8.909999847412109375e+01 8.915000152587890625e+01
8.863999938964843750e+01 8.916999816894531250e+01 8.893000030517578125e+01
8.819000244140625000e+01 8.894999694824218750e+01 8.901999664306640625e+01
8.855000305175781250e+01 8.930999755859375000e+01 8.909999847412109375e+01
8.812999725341796875e+01 8.913999938964843750e+01 8.927999877929687500e+01
8.870999908447265625e+01 8.926000213623046875e+01 8.930000305175781250e+01
8.826000213623046875e+01 8.900000000000000000e+01 8.908999633789062500e+01
8.855000305175781250e+01 8.908000183105468750e+01 8.913999938964843750e+01
8.827999877929687500e+01 8.898000335693359375e+01 8.898000335693359375e+01
8.834999847412109375e+01 8.897000122070312500e+01 8.905000305175781250e+01
8.880999755859375000e+01 8.936000061035156250e+01 8.927999877929687500e+01
8.862000274658203125e+01 8.906999969482421875e+01 8.916000366210937500e+01
8.862999725341796875e+01 8.930000305175781250e+01 8.938999938964843750e+01
