6.372000122070312500e+01 6.433999633789062500e+01 6.523000335693359375e+01
7.369999694824218750e+01 7.526000213623046875e+01 7.531999969482421875e+01
7.950000000000000000e+01 8.027999877929687500e+01 8.051999664306640625e+01
8.125000000000000000e+01 8.197000122070312500e+01 8.198000335693359375e+01
8.237999725341796875e+01 8.354000091552734375e+01 8.376999664306640625e+01
8.438999938964843750e+01 8.458999633789062500e+01 8.455000305175781250e+01
8.345999908447265625e+01 8.433999633789062500e+01 8.416000366210937500e+01
8.487999725341796875e+01 8.494000244140625000e+01 8.505000305175781250e+01
8.512000274658203125e+01 8.555999755859375000e+01 8.563999938964843750e+01
8.530000305175781250e+01 8.616000366210937500e+01 8.581999969482421875e+01
8.498999786376953125e+01 8.526999664306640625e+01 8.512000274658203125e+01
8.655000305175781250e+01 8.701999664306640625e+01 8.673000335693359375e+01
8.637000274658203125e+01 8.679000091552734375e+01 8.683000183105468750e+01
8.644999694824218750e+01 8.701000213623046875e+01 8.697000122070312500e+01
8.687999725341796875e+01 8.751999664306640625e+01 8.726000213623046875e+01
8.737999725341796875e+01 8.808999633789062500e+01 8.769999694824218750e+01
8.647000122070312500e+01 8.711000061035156250e+01 8.709999847412109375e+01
8.727999877929687500e+01 8.816999816894531250e+01 8.805999755859375000e+01
8.766000366210937500e+01 8.811000061035156250e+01 8.798999786376953125e+01
8.769000244140625000e+01 8.781999969482421875e+01 8.783999633789062500e+01
8.765000152587890625e+01 8.815000152587890625e+01 8.806999969482421875e+01
8.729000091552734375e+01 8.770999908447265625e+01 8.743000030517578125e+01
8.783000183105468750e+01 8.825000000000000000e+01 8.806999969482421875e+01
8.819000244140625000e+01 8.837999725341796875e+01 8.850000000000000000e+01
8.794999694824218750e+01 8.826999664306640625e+01 8.850000000000000000e+01
8.787999725341796875e+01 8.838999938964843750e+01 8.844999694824218750e+01
8.766000366210937500e+01 8.812999725341796875e+01 8.855999755859375000e+01
8.800000000000000000e+01 8.854000091552734375e+01 8.823999786376953125e+01
8.820999908447265625e+01 8.858999633789062500e+01 8.862000274658203125e+01
8.823999786376953125e+01 8.888999938964843750e+01 8.888999938964843750e+01
8.806999969482421875e+01 8.887000274658203125e+01 8.880000305175781250e+01
8.826000213623046875e+01 8.934999847412109375e+01 8.920999908447265625e+01
8.870999908447265625e+01 8.933999633789062500e+01 8.904000091552734375e+01
8.813999938964843750e+01 8.891999816894531250e+01 8.902999877929687500e+01
8.783000183105468750e+01 8.873999786376953125e+01 8.873000335693359375e+01
8.811000061035156250e+01 8.895999908447265625e+01 8.894000244140625000e+01
8.813999938964843750e+01 8.873999786376953125e+01 8.894000244140625000e+01
8.859999847412109375e+01 8.912000274658203125e+01 8.919000244140625000e+01
8.833000183105468750e+01 8.933999633789062500e+01 8.894000244140625000e+01
8.818000030517578125e+01 8.902999877929687500e+01 8.905999755859375000e+01
8.845999908447265625e+01 8.916999816894531250e+01 8.911000061035156250e+01
8.813999938964843750e+01 8.923000335693359375e+01 8.926000213623046875e+01
8.887000274658203125e+01 8.905000305175781250e+01 8.919000244140625000e+01
8.841999816894531250e+01 8.911000061035156250e+01 8.909999847412109375e+01
8.851999664306640625e+01 8.888999938964843750e+01 8.909999847412109375e+01
8.841000366210937500e+01 8.908000183105468750e+01 8.905999755859375000e+01
8.862000274658203125e+01 8.901000213623046875e+01 8.911000061035156250e+01
8.894000244140625000e+01 8.931999969482421875e+01 8.925000000000000000e+01
8.873999786376953125e+01 8.901000213623046875e+01 8.909999847412109375e+01
8.851999664306640625e+01 8.927999877929687500e+01 8.945999908447265625e+01
